101 7.02 6.12 6.3 5.94 5.56 5.36 6.38 5.96 5.44 6.22 5.94 5.44 6.28 5.68 5.54 5.98 5.84 5.6 
102 6.74 6.42 6.08 6.4 5.76 5.22 6.64 6.3 5.94 6.48 6.64 6.28 6.6 6.12 5.6 6.68 6.52 6.22 
103 5.32 4.82 4.62 5.12 5.42 6.06 5.72 5.94 5.42 4.96 5.3 5 5.08 5.22 4.9 4.94 5.22 4.38 
104 7.18 6.18 4.67 5.14 4.37 3.27 6 5.06 3.78 6.06 4.94 3.49 4.78 4.53 2.43 4.43 3.33 2.59 
105 6.7 5.76 4.52 5.92 4.86 5.22 6.1 5.88 5.6 5.86 5.22 4.9 5.62 5.24 4.6 4.8 4.96 4.9 
106 7.22 6.14 4.64 5.18 4.32 3.24 6.02 5.04 3.74 6.02 4.9 3.48 4.82 4.52 2.42 4.42 3.3 2.58 
107 6.7 5.76 4.52 5.92 4.86 5.22 6.1 5.88 5.6 5.86 5.22 4.9 5.62 5.24 4.6 4.8 4.96 4.9 
108 6.7 5.76 4.52 5.92 4.86 5.22 6.1 5.88 5.6 5.86 5.22 4.9 5.62 5.24 4.6 4.8 4.96 4.9 
109 7.26 6.84 6.78 5.42 5.56 5.32 5.5 4.94 5.12 5.16 5.02 4.58 4.64 4.12 3.86 3.34 2.8 1.68 
110 7.76 5.76 3.41 7.15 5.09 3.46 6.87 5.48 3.67 7.28 5.52 3.74 7.39 5.43 3.83 7.28 5.46 3.65 
149 7.78 7.18 6.98 7.42 6.86 6.36 7.06 7.04 6.48 8.14 7.3 7.02 7.08 6.92 6.88 7.28 6.9 6.44 
141 7.38 5.32 4.56 7.3 5.82 4.14 7.3 5.88 4.02 6.56 4.8 3.4 6.16 4.56 3.44 6.38 5.44 3.58 
146 6.62 4.44 3.34 6.9 5.3 2.92 6.66 4.54 2.9 6.1 4.7 2.8 5.98 4.56 2.3 5.92 4.34 1.74 
143 6.02 5.54 3.66 6.4 5.92 5.16 6.34 5.2 4.08 6.32 5.24 4.12 4.64 3.52 3.26 5.96 4.04 5 
148 4.84 3.22 1.5 6.14 3.8 2.28 5.36 4.3 2.4 6.08 5.08 3.28 3.04 2.74 2.02 5.06 4.12 2.16 
145 4.92 3.54 1.44 4.4 3.78 1.8 5.16 3.76 1.96 6.1 3.14 2.82 4.64 2.96 1.9 4.82 3.38 3.5 
147 6.08 5.72 4.9 5.14 5.22 4.72 5.76 4.8 4.66 5.38 4.78 4 4.5 4.98 4.54 4.64 4.2 4.1 
150 5.9 3.62 1.14 6.12 4.02 2.38 6.06 5.9 1.72 6.82 5.52 3.4 6.18 4 2.64 5.28 5.12 3.08 
142 6.94 4.72 2.36 6.72 5.2 2.66 6.2 4.24 2.74 7.1 4.7 2.24 5.5 3.76 2.32 4.64 3.42 1.82 
114 5.06 4.74 4.06 4.94 4.46 3.92 6.68 5.74 4.14 6.02 4.64 3.9 4.9 3.96 4.14 5.8 4.3 3.74 
111 6.1 4.04 3.04 6.24 4.66 3.48 5.58 5.3 4.2 5.26 5 3.94 4.06 4.26 3.2 4.32 3.86 2.88 
112 5.14 3.96 3.8 5.66 5.12 4.88 6.16 6.14 5.04 5.38 5.44 5.94 6 4.52 4.74 5.34 4.68 4.1 
113 6.59 5.29 3.18 6.24 4.18 3.92 6.47 5.29 4.08 5.9 4.16 2.94 5.78 4 3.84 3.65 3.61 3.24 
114 5.4 4.28 3.26 6.06 3.22 2.78 4.3 4.02 3.44 5.18 4.44 4.2 3.84 2.88 2.44 3.28 3.98 2.82 
115 8.02 5.38 2.68 7.88 4.36 2.42 7.72 5.2 2.7 6.86 3.74 2.98 7.84 4.82 2.46 6.14 3.24 2.6 
116 7.7 6.08 3.52 7.4 4.34 2.98 8.12 5.84 3.22 6.34 4.34 3.92 6.46 4.3 3.14 5.36 4.14 3.06 
117 7.72 5.44 3.6 7.06 5.22 3.36 7.66 5.12 2.56 5.64 4.8 4.32 5.92 4.42 2.26 5.16 3.62 2.56 
118 7.22 4.72 2.32 7.2 4 2.26 7.24 4.48 2.54 6.78 4.18 2.5 7.36 4.46 2.54 4.48 2.96 1.94 
119 6.66 5.4 4.16 6.48 4.76 4.08 6.92 5.4 4.12 6.18 5.04 4.6 6.2 5 4.36 4.66 4.16 3.68 
120 6.71 4.83 2.52 7.06 4.12 3.29 6.38 4.96 3.29 6.06 3.98 3.02 6.98 4.15 3.08 4 3.42 2.67 
121 6.96 5.66 3.18 6.64 3.92 3.4 6.82 5.12 3.26 5.4 4.3 3.8 7.1 4.82 3.24 4.9 3.84 2.94 
122 6.5 4.98 3.58 6.16 4.5 3 6.9 5.42 3.38 5.44 4.58 3.88 5.5 4.08 2.82 5.92 4.9 3.14 
123 6.16 4.1 2.4 7.18 5.32 2.7 5.6 6.22 3.38 6.36 4.64 2.34 5.3 4.52 3.46 4.72 4.44 2.22 
124 5.14 5.08 4.48 5.46 4.86 4.84 5.64 5.14 4.28 5.56 5.04 4.88 5.8 5.14 4.9 5.54 4.56 4 
125 6.98 5.38 4.04 6.86 5.66 3.82 7.22 5.3 4.46 6.52 5.76 4.26 6.42 4.94 4.24 6.26 5.02 4.1 
126 5.74 5.46 4.46 6.14 5.42 4.46 6.72 5.72 4.42 6.14 6.16 4.26 6.42 4.94 4.92 5.54 5.02 4.32 
127 7.84 5.57 2.37 8.45 4.04 2.06 8.08 5.65 2.24 6.51 2.53 1.69 8.39 4.63 2.55 3.53 2.94 1.71 
128 6.42 6.24 5.54 6.54 6.3 6.06 6.78 6.32 5.92 6.5 6.26 6.52 6.34 6.22 6.36 5.56 5.36 5.14 
129 7.64 5.3 3.06 6.82 3.94 3.38 6.58 6.28 2.7 6.46 5.88 3.34 4.94 4 2.34 5.6 4.04 2.22 
130 7.78 6.24 3.56 7.7 6.44 5.4 5.98 6.34 6.1 4.56 6.14 3.84 4.98 5.46 4.84 4.72 5.84 4.58 
153 7.11 6.5 6.02 7.38 6.84 6.21 7 6.68 6.34 7.38 6.86 6.27 6.48 6.39 6.04 7.23 6.91 6.25 
154 4.14 4.82 4.68 4.54 4.9 4.68 4.98 5.7 4.84 5.06 5.64 4.84 4.28 4.34 3.6 4.84 5.12 5.06 
156 6.98 5.52 4.26 6.62 5.26 3.96 6.44 5.06 3.36 5.74 4.94 3.82 6.04 4.58 3.5 5.28 3.66 3.28 
155 4.78 3.76 2.58 4.76 3.26 2.88 4.52 4.4 2.66 4.46 3.62 2.92 3.4 3 2.66 3.5 2.9 2.52 
159 5.83 4.82 4.13 6.07 5.2 4.48 6.77 5.12 3.95 6.77 5.5 4.32 6.28 4.65 3.62 6.2 4.72 3.32 
151 6.18 6.18 5.85 6.67 6.18 5.95 6.36 5.72 5.72 6.49 6.18 5.36 6.38 6.28 5.64 6.23 5.82 5.87 
157 7.62 5.55 3.8 7.03 4.95 3.6 6.35 5.18 3.88 6.88 5 3.67 7.15 4.95 3.6 5.55 3.95 2.53 
158 6.71 6.34 6.71 6.71 6.6 6.69 6.43 6.49 6.57 6.14 6.06 6.37 6.49 6.57 6.69 7 6.97 6.66 
157 6.7 5.3 3.9 7.4 4.7 3.8 6.9 4.5 2.8 5.8 3.7 3.9 6.9 4.9 4.4 4.8 3.8 2.3 
158 5.87 4.13 4.53 5.27 4.27 4.8 5.33 5.47 5.4 5.13 5.4 4.93 4.47 4 3.93 4.6 4.4 3.73 
152 7.78 4.74 2.16 7.78 4.12 2.26 7.74 4.42 2.08 6.5 3.42 2.02 7.42 3.64 2.26 3.82 2.6 1.58 
160 6.5 5.27 3.71 6.67 4.65 4.21 5.92 5.27 4.15 6.35 5.4 3.44 6.12 4.31 3.48 4.79 3.65 3.27 
131 7.58 6.62 5.46 7.44 6.42 4.9 7.76 6.26 5.46 7.08 6 4.78 6.42 5.58 4.34 6.7 5.92 4.06 
132 7.96 6.02 4.34 6.34 4.92 3.78 6.3 5.62 4.46 6.08 4.74 3.84 6.42 4.14 3.16 5.4 3.98 2.64 
133 7.98 5.38 2.18 7.88 4.98 2.24 8.02 5.62 2.92 7.62 5 2.44 7.26 4.56 1.84 6.5 4.34 1.74 
134 7.42 5.2 3.1 7.7 5.08 2.88 7.38 4.88 2.8 7.56 5.42 3.3 6.54 4.26 2.66 7.62 5.24 3.3 
135 6.24 5.04 3.35 7.73 6.02 2.67 5.86 6.2 4.61 7.43 7.02 4.22 7.45 5.78 3.12 6.73 6.49 4.16 
136 6.68 5.06 2.94 7.42 5.3 2.44 7.28 5.38 2.6 7.42 4.78 2.26 6.94 4.62 2 7.04 4.52 2.82 
137 5.3 5.72 5.46 5.16 5.22 5.24 4.76 5.38 5.26 4.98 4.68 5.42 5.38 5.24 5.06 4.74 4.9 4.9 
138 4.14 4.14 4.24 4.68 4.62 4.82 4.68 4.38 4.9 4.5 4.56 4.72 4.38 4.3 4.62 4.4 4.32 4.56 
139 4.46 3.8 2.84 5.28 4.68 3.66 6.58 5.9 3.28 5.6 4.88 3.18 4.52 4.02 3.14 5.9 4.58 4.02 
140 5.63 4.35 2.47 5.57 4.65 3.35 6.98 5.94 3.92 5.45 3.88 2.9 4.2 3.2 3.16 6.33 4.61 3.14 
201 6.63 5.18 3.35 6.55 5.46 3.32 6.82 5.27 3.48 6.58 5.23 3.28 6.54 5.15 3.24 6.63 4.8 2.84 
202 6.72 5.82 5.05 6.56 5.87 5.08 6.84 5.83 5.16 6.66 5.87 5.23 6.5 5.8 5.11 6.46 5.7 5.06 
203 5.72 4.77 3.13 6.18 4.16 3.44 6.18 4.2 3.01 5.47 3.7 4.94 5.92 4.44 3.08 4.48 3.4 2.69 
204 5.85 5.2 4.77 5.57 4.84 4.24 5.72 4.94 4.45 5.57 4.79 4.35 5.57 4.65 4.21 5.36 4.45 4 
205 5.21 4.83 4.08 5.19 4.65 4.54 5.44 4.54 4.16 5.51 4.63 4.37 5.27 4.54 4.15 4.86 4.49 4.25 
206 5.97 6.46 4.53 6.14 4.9 4.14 5.65 6.53 4.71 5.57 5.22 3.79 5.95 4.54 5.07 6.05 4.41 4.24 
207 3.09 3.21 2.99 3.3 3.28 3.13 3.36 3.13 3.02 3.52 3.29 3.19 3.54 3.19 3.07 3.31 3.18 2.96 
208 6.17 6.46 6.34 6.22 6.39 6.49 6.59 6.59 6.28 6.46 6.42 6.43 6.38 6.36 6.34 6.51 6.39 6.32 
209 3.59 3.29 3.37 3.61 4.13 3.08 3.34 3 3.83 3.62 3.74 3.48 3.45 2.82 3.41 3.35 3.33 4.01 
210 5.31 4.7 3.65 5.56 4.08 3.61 5.61 4.23 3.38 5.39 4.57 3.57 5.23 3.82 3.29 3.79 3.42 2.83 
211 2.36 1.79 1.19 2.87 1.35 2.11 2.36 1.27 1 3.84 2.05 1.25 2.87 1.68 1.26 1.77 1.12 0.81 
212 5.19 4.37 3.63 4.78 3.94 3.52 5.05 3.91 3.41 4.86 4.06 3.28 4.8 3.93 3.3 4.42 4.11 3.24 
213 5.61 4.75 3.42 5.19 4.14 3.86 5.4 4.24 3.68 5.17 4.52 3.67 4.99 4.3 3.55 4.52 3.77 3.16 
214 4.8 4.39 2.74 4.14 3.52 3.13 5.83 1.96 1.82 6.27 5.27 2.22 5.06 2.48 2.02 4.31 3.86 2.82 
215 4.33 3.77 2.39 3.84 3.2 2.62 4.87 3.04 2.09 4.92 4.09 2.97 4.61 3.66 3.01 3.6 3.17 2.47 
216 5.61 5.59 5.14 5.81 5.3 5.43 6.6 5.38 5.06 6.24 5.7 4.9 5.88 5.39 4.93 5.58 5.34 4.69 
217 3.21 3.66 3.22 3.32 3.18 3.47 3.45 3.2 3.26 3.2 3.52 3.26 3.22 3.2 3.24 3.58 3.28 3.28 
218 4.9 4.39 4 3.9 3.76 4.09 5.51 2.91 2.87 5.64 4.45 3.1 5 3.35 2.66 3.73 3.43 2.61 
219 6.24 5.77 5.31 6.02 5.34 4.83 5.77 4.93 4.55 5.31 4.95 4.38 5.16 4.68 4.25 5.03 4.57 4.15 
220 5.29 5.11 3.99 5.31 4.24 3.85 4.93 4.17 3.54 4.98 4.16 3.18 4.94 4.15 3.7 4.06 3.55 2.52 
221 5.89 4.38 2.93 6.26 4.1 3.14 6.47 4.12 3 5.4 3.86 2.77 6.26 3.97 2.85 3.78 3.1 2.47 
222 6.99 5.43 3.55 7.32 4.99 3.81 7.29 5.36 3.9 6.47 4.84 3.69 7.37 5.06 3.85 4.74 3.87 3.52 
301 4.27 4.99 5.18 4.74 4.79 5.1 4.62 5.43 5.27 4.2 5.52 4.95 4.11 4.47 5.43 5.3 4.64 4.23 
302 3.69 4.74 5.47 3.74 4.67 4.5 4.35 4.16 5.46 3.79 4.92 4.88 3.92 4.86 5.63 4.1 4.9 5.37 
301 7 5 4 8 5 3 7 6 4 8 5 4 8 5 3 6 5 4 
302 5.52 4.86 4.47 6.02 5.02 4.47 6.26 5.18 4.79 6.2 5.27 4.61 6.59 5.48 5.44 6.56 5.52 4.68 
303 5.87 4.86 4.46 5.38 4.58 4.27 5.19 5.15 4.81 4.85 5.51 5.29 5.43 4.52 4.11 5.17 5.12 4.25 
304 7.02 4.93 2.8 5.93 4.59 3.37 7.19 4.7 3.66 6.69 5.02 2.84 6.45 4.83 2.6 5.98 4.07 2.37 
305 2.22 5.7 6.95 2.31 5.69 6.92 2.37 5.67 6.9 2.41 5.69 6.89 2.41 5.67 6.89 2.41 5.78 6.93 
306 6.86 5.16 3.37 5.13 4.08 2.66 5.37 3.94 2.45 6.96 5.4 4.47 5.48 4.48 3.15 6.42 4.64 3.87 
307 7.29 5.12 3.28 6.41 4.64 3.47 6.12 4.41 3.7 6.29 5.48 4.21 6.14 4.78 3.16 6.18 4.82 2.85 
308 1.81 4.34 6.73 2.26 3.52 6.83 2.63 5.03 7.01 2.03 4.04 6.31 2.42 4.15 7.34 2.33 3.89 5.37 
309 7.88 8.66 9.78 8.18 8.54 9.23 8 8.6 9.25 8.14 8.6 9.35 8.36 8.75 9.42 8.48 8.87 9.62 
310 4.36 6.4 8.73 4.53 7.19 8.16 4.43 6.54 8.42 4.65 6.48 8.54 4.35 6.57 8.68 4.2 6.49 8.65 
311 7.57 5.71 3.52 7.19 5.24 3.41 6.79 4.91 3.38 6.97 5.57 3.57 6.78 5.2 3.35 6.8 5.21 2.8 
312 7.72 5.72 3.54 7.24 5.24 3.39 6.77 4.91 3.36 7.01 5.57 3.57 6.78 5.19 3.35 6.8 5.21 2.79 
313 7.47 5.53 3.61 5.93 5.12 4.75 5.95 5.21 4.56 5.23 4.92 4.35 5.73 4.87 4.14 4.62 4.08 3.9 
314 6.53 3.68 2.86 5.75 2.83 2.14 3.61 2.03 3.32 5.46 6.27 6.79 4.81 3.68 2.18 6.69 5.54 2.2 
401 6.45 6.32 5.53 7.12 7 6.9 6.78 6.07 6.65 6.45 7.12 6.5 6.57 6.4 6.78 6.7 6.53 6.78 
402 5.28 4.57 4.72 5.65 4.85 5.07 4.43 4.8 4.85 4.93 4.8 4.88 5.18 4.78 4.8 5.15 4.38 5.43 
403 5.76 6.12 5.76 6.05 5.54 6.1 5.93 5.9 6.24 5.56 5.95 6.27 6.12 6.02 6.41 5.76 6.15 6.02 
404 5.92 5.54 5.67 6.67 6.08 6.67 6.36 6 6.21 6.15 6.64 6.15 6.33 6.21 6.44 6.23 6.31 6.38 
405 5.28 4.57 4.55 5.4 4.4 5.18 4.6 4.6 5.25 4.88 4.4 4.93 5.15 4.6 4.85 4.95 6.47 6.47 
406 4.55 4.55 4.5 4.53 4.65 4.32 4.6 4.57 4.45 4.85 4.75 4.57 4.62 4.53 4.43 4.6 4.62 4.53 
407 7.65 5.9 6.7 8.02 5.65 7.57 6.38 7.32 4.78 5.15 7.88 5.38 7.75 7.68 5.1 7.3 5.62 8.2 
408 4.72 4.68 4.9 4.93 5.57 4.97 4.75 5 5.03 4.78 4.47 5.47 4.3 4.28 5.35 4.45 5.5 5.5 
409 6.18 6.45 4.9 4.93 3.88 4.22 5.75 2.75 2.5 4.75 2.42 2.67 4.85 5.1 5.28 5.68 4.53 3.8 
410 6.05 5.5 4.85 5.78 4.55 4.93 5.2 4.88 4.1 5.5 4.97 4.35 5.7 5.38 4.57 5.4 4.65 5.03 
411 6.72 5.45 4.12 6.07 4.57 4.3 5.7 4.47 4.25 5.72 4.93 4.72 5.45 4.5 4.18 5 4 3.83 
412 5.62 5.25 4.4 5.68 5.6 4.72 5.4 5.05 4.25 5.28 4.82 4.38 5.43 4.6 4.53 5.32 4.5 4.4 
413 7.03 5.21 3.39 6.79 4.26 2.82 6.68 4.89 3 6.08 4.37 3.29 6.82 4.61 3.18 4.66 3.5 3.03 
414 6.59 5.09 3.25 7.52 4.82 3.8 7.89 5.25 4.3 5.75 4.8 4.73 7.95 5.02 3.75 4.93 4.16 3.5 
415 4.28 4.15 4.68 4.62 5.6 4.05 4.12 3.95 4.93 4.95 4.22 3.6 5.1 4.6 5.47 4.53 4.57 3.72 
416 5.03 5.5 3.88 5.88 5.03 4.28 6.55 4.85 3.53 5.07 5.03 3.92 5.78 4.53 3.3 5.35 3.88 3.65 
417 7.18 6.43 5.93 7 6.22 5.95 7.28 6.57 6.28 6.68 5.65 5.68 6.68 6.15 5.85 6.05 5.95 5.7 
418 7.03 5.25 5.8 6.18 5.7 4.53 5.03 5.07 4.32 6.28 6 5.5 5.05 5.18 4.3 4.22 4.72 4.65 
419 7.57 4.9 1.02 8.65 2.85 1.8 7.57 4.8 1.77 5.95 2.95 1.02 8.77 3.9 1.85 3.12 2.03 1.02 
420 7.74 5.32 3.62 7.71 5.03 3.29 7.47 5.59 3.65 6.29 4 2.94 7.15 4.85 3.5 4.62 3.12 2.68 
421 2.75 2.15 1.1 2.65 2 1.35 2.83 2.03 1.12 2.75 2.12 1.12 1.55 1.88 2.65 2.2 1.33 2.5 
422 6.84 6.57 6.2 6.43 6.02 6.07 6.68 6.23 5.89 5.98 5.73 6.16 5.91 5.75 5.59 6.16 6.2 5.66 
423 6.95 5.81 4.26 6.12 5.38 4.55 6.69 5.33 5.14 5.81 5.55 4.19 5.88 5.52 5.1 5.02 4.88 3.67 
424 4.62 3.92 2.62 2.28 2.25 1.52 2.88 2.53 2 3.35 3.03 2.03 2.45 2.22 2.05 2.5 2.45 2.67 
425 4.4 3.95 2.78 2.42 2.38 1.75 2.95 2.65 2.17 3.28 2.92 2.15 2.5 2.4 2.2 2.53 2.58 2.75 
426 5.8 4.55 4.8 5.65 3.92 3.78 5.38 4.18 4.1 5.85 4.15 2.75 5.93 4.35 2.97 4.68 5.32 4.57 
427 5.16 4.52 3 4.14 3.11 3.86 4.93 3.89 3.11 5.59 5.02 4.32 3.55 3.39 4.3 3.95 4.16 4.34 
428 4.82 4.82 4.22 5.18 4.53 3.92 5.22 4.55 4.43 5.3 5.28 5.1 4.57 4.45 4.12 4.85 4.95 4.15 
429 5.25 4.93 4.25 4.28 4.4 4.25 6.12 4.95 3.9 5.97 4.97 3.47 5.78 4.18 3.53 5.32 5.1 3.1 
430 5.68 5.15 4.97 4.05 4.72 4.53 6.32 5.2 4.07 6.2 5.28 3.6 5.95 4.57 3.6 5.35 5.1 3.1 
431 7.43 5.28 2.97 7.6 4.07 3 6.68 4.88 3.45 6.18 4.15 2.88 7.45 4.55 3.38 4.32 4.2 3.05 
432 6.3 5.57 4.55 6.1 5.1 3.95 5.95 5.03 4.4 5.22 5.18 4.62 5.72 4.7 4.43 4.43 4.53 3.97 
433 4.38 4.38 2.85 5.05 4.35 3.12 4.25 3.67 3.17 6.2 6.85 7.2 5.35 5.45 5.47 5.82 5.43 4.22 
434 6.88 5.82 3.65 7.1 4.93 3.5 6.62 4.53 2.95 6.45 4.15 3.47 7.18 5.05 3.92 5.07 4.15 3.33 
435 6.56 5.9 6.1 6.87 5.82 5.23 6.64 5.79 5.62 6.85 6.08 5.44 6.33 5.54 5.18 6.36 5.67 5.77 
436 7.16 5.12 3 6.65 4.55 3.92 6.02 5.45 3.76 5.73 4.27 4.1 5.63 4.47 3.8 4.41 3.98 3.37 
437 8.03 5.62 3.12 7.67 5.23 2.84 7.61 5.45 2.9 7.33 5.25 2.78 7.55 5.3 2.74 6.12 4.31 2.19 
438 7.43 5.76 4.54 6.73 5.45 4.91 6 5.6 4.45 5.67 5.09 4.71 6.07 5.5 5.11 4.91 4.82 4.62 
439 7.95 5.94 3.52 7.55 5.55 2.91 7.63 5.61 2.93 7.51 5.59 2.87 7.62 5.54 2.84 6.82 4.99 2.26 
440 4.15 4.2 3.95 4.45 4.25 4.2 3.75 4.3 4.45 4.95 4.8 5.5 4.9 5.05 5.3 5.55 5.15 5.8 
441 4.45 4.1 3.9 4.45 4.15 4.25 4.75 4.05 3.95 5.65 4.25 4.25 3.2 3 2.75 3.7 3.95 3.7 
442 1.95 2 5.65 7.9 2.35 1.8 4 3.95 7.25 6.9 7.9 8.55 1.6 2.05 4.7 4.85 3.7 7.15 
443 7.65 6 4.7 6.3 5.7 5.7 6.35 5.55 5.75 6.65 5.8 5.25 5.1 5.15 4.8 5.45 5 4.85 
444 6.3 4.4 3 6.1 4.2 3.65 5 4.55 3.45 5.2 4.3 3.65 5.15 4.05 3.3 4 3.5 3.85 
445 4.1 4.4 3.9 4.2 3.7 3.9 3.2 4.5 5 5.6 5.5 6.2 4.7 4.9 5.2 5.4 5.2 6.6 
446 8 7.3 5.7 7.95 6.55 5.2 7.75 6.8 5.85 6.8 6.3 4.8 7.65 6.15 5.1 4.1 3 2.2 
447 4.95 5.15 4.65 4.75 4.9 4.7 5.1 5.1 4.5 5.45 5.45 4.15 4.85 5.15 5.15 5 5.15 4.95 
448 4.23 2.97 3.23 3.67 4.87 2.23 4.3 4.1 2.4 3.83 3.67 3.33 2.5 2.57 2.63 2.17 3.57 3.2 
449 6.03 4.9 5.12 7.45 6.75 4.8 7.47 7.07 3.38 6.43 5.75 4.2 6.97 5.62 3.45 4.47 6.07 5.2 
450 4.25 4.78 4.11 4.53 4.75 4.39 5.11 4.67 3.72 5.14 4.33 4.25 4.78 4.86 4.08 4.11 4.31 4.53 
451 6.97 5.31 3.31 7.06 4.86 3.1 7.06 5.23 3.16 7 5.33 3.1 7.13 5 3.29 5.71 4.39 2.6 
452 3.03 3.47 2.97 3.63 2.87 3.7 4.73 5 5.37 4.02 5.05 3.83 3.28 3.67 3.07 4.87 4.8 3.37 
453 5.27 4.65 3.63 4.54 3.75 2.82 6.06 5.31 3.83 6.7 6.18 5.72 4.59 3.94 3.52 6.14 5.39 5.03 
454 6.49 5.24 4.3 6.64 4.96 4.49 6.2 5.47 4.53 6.6 5.62 4.4 6.24 5.2 4.38 5.66 5.06 3.99 
455 7.39 6.24 5.58 7.02 6.08 5.1 7.3 5.96 5.53 7.55 6.43 5.7 7.33 6.34 5.71 6.41 5.82 5.13 
456 6.92 5.92 4.67 7.28 5.61 5.21 6.84 6.16 5.29 6.91 5.71 5.55 6.86 6 5.32 5.58 5.35 5.12 
457 7.14 5.23 3.29 6.74 5.14 4.23 6.17 5.49 4.91 5.74 5.23 4.26 6.66 4.6 3.86 3.34 3.09 2.49 
458 7.35 5.88 4.15 7.15 5.27 3.77 7.54 5.65 3.96 6.81 5.46 3.77 7.38 5.42 4.04 5.15 3.92 2.77 
459 5.96 4.78 4.22 7 4.22 4.78 5.78 5.78 5.26 6.26 5.61 4.17 6.22 5.3 5.3 4.96 5.61 4.22 
460 4.77 5.34 5.13 4.83 5.8 5.48 6 5.72 5.85 6.32 6.21 5.89 5.56 5.5 5.62 6.2 6.09 6.11 
461 5.43 5.05 4.97 5.34 4.59 4.85 5.75 4.79 4.62 5.05 4.48 4.41 5.16 4.4 4.38 4.13 4.04 4.02 
462 5.81 5.2 4.98 5.79 4.9 5.07 5.8 4.92 4.9 5.25 4.51 4.56 5.23 4.42 4.62 4.46 4.51 4.34 
463 7.27 6.57 5.66 7.07 6.04 5.2 6.89 6.11 5.36 6.78 5.91 5.03 6.39 5.43 4.74 5.96 4.9 3.61 
464 5.32 4.68 3.81 5.33 4.58 3.97 5.14 4.61 4.1 5.5 5.15 4.84 5 4.23 4.27 4.98 4.58 3.99 
465 6.58 4.96 2.19 7.33 4.55 3.29 7.16 5.03 3.57 6.05 4.49 3.99 7.31 4.59 3.46 5.34 4.32 2.97 
466 4.92 5.02 5.18 5.17 5.07 5.37 5.2 5.13 5.1 4.97 5.03 5.38 5.42 5.25 4.95 5.17 5.25 4.97 
467 5.22 5.07 5.08 4.77 5 5.07 5 5.13 5.22 4.92 4.53 5.22 5.18 4.88 5.02 4.97 5.08 4.63 
468 5.32 5.07 5.3 5.22 5.28 4.87 5.58 5.03 5.28 5 5.12 4.92 4.93 5.28 5.32 4.65 5.18 5.17 
469 4.95 4.82 5.2 5.05 5.08 4.93 5 5.15 4.82 5.23 5.13 5.58 5.33 5.08 5.05 4.83 5.35 4.95 
470 4.92 4.8 4.88 5.03 5.17 4.87 5.18 5.25 4.57 5.03 4.58 5.47 4.93 5 4.55 5.17 4.63 5.3 
471 4.98 4.98 5.17 5.03 5.25 5.03 5.28 4.88 4.88 4.98 5.22 4.97 4.87 4.78 5.08 4.73 4.65 4.97 
472 4.57 4.92 5.08 4.93 5.05 4.98 5 4.9 5 4.85 5.13 4.97 4.9 5.1 4.7 5.25 5.05 5.15 
473 5.03 4.97 4.93 5.12 4.95 5.12 5.2 4.72 4.75 4.83 4.87 4.5 5.17 4.58 5.1 4.85 4.97 5 
474 4.8 5.05 5.18 5.25 5.18 5.1 5.42 4.97 5.23 5.13 5 5.08 5 4.87 5.03 5.08 4.83 4.68 
475 5.22 5.08 5.05 5.12 5.15 4.95 5.27 5.13 4.93 5.32 5.02 4.5 5.18 5.27 4.98 4.93 4.83 4.95 
501 7.64 6.02 4.24 6.62 5.69 4.26 6.33 5.19 4.19 7.38 6.02 4.76 6.48 4.95 3.62 8.02 6.55 4.31 
502 7.67 6 4.21 6.67 5.7 4.31 6.34 5.18 4.18 7.41 6.05 4.7 6.51 4.92 3.63 7.92 6.45 4.28 
503 7.72 5.99 4.14 6.75 5.8 4.33 6.29 5.1 4.1 7.39 5.98 4.61 6.55 4.99 3.72 7.91 6.44 4.27 
504 6.58 6.83 5.76 5.19 5.59 5.75 5.53 6.08 5.87 6.69 5.98 5.97 5.92 6.27 6.1 5.97 5.57 5.65 
505 7.74 6.16 3.62 7.54 5.94 3.63 6.92 5.03 3.3 6.74 4.73 3.31 7.2 5.24 3.38 6.34 4.52 3.09 
506 5.68 6.16 6.3 7.01 7.28 7.33 6.92 7 6.49 6.77 5.45 4.91 4.32 4.07 4.2 4.63 4.46 4.57 
507 5.62 5.41 5.09 4.5 4.3 4.2 6.64 6.86 3.55 6.88 6.23 4.05 4.24 4.3 3.09 5.72 5.45 5 
508 8.58 5.87 3.08 7.4 5.37 2.92 7.7 5.63 3.33 7.4 5.15 3.05 7.17 4.98 2.95 7.28 5.32 3.17 
509 5 4 5 4 2 7 6 5 6 5 3 5 3 2 6 5 3 4 
508 6.1 4.74 3.79 5.56 4.62 3.15 5.54 5.05 4.44 4.74 4.38 3.69 3.95 3.72 3.69 4.79 4.54 3.92 
509 5.23 4.55 4.27 5.07 4.67 4.73 5.09 4.94 4.31 5.01 4.93 4.6 4.64 4.51 3.97 4.77 4.3 3.77 
510 3.4 3 2 7 5 4 8 7 5 8 9 4 7 6 3 5 8 8 
511 7.33 5.55 3.7 7.19 5.35 3.31 7.4 5.53 3.34 7.12 5.19 3.11 7.65 5.61 3.43 6.61 4.94 2.79 
512 7.61 6.14 5.72 7.65 6.66 4.95 6.61 6.03 5.39 7.24 6.48 5.53 6.94 6.32 6.12 7.37 6.52 5.53 
513 6.71 5.37 3.13 6.09 3.04 2.53 6.44 5.22 3.29 6.5 5.07 2.25 5.22 4.23 3.16 5.5 4.74 3.12 
514 7.15 5.87 4.37 7.35 5.93 4.52 7.3 5.99 4.6 7.41 6.02 4.41 7 5.73 4.35 7.4 6.15 4.72 
515 7.02 5.38 1.79 7.08 5.18 1.91 7 5.3 1.83 7.16 5.64 2.09 7.13 5.31 1.86 7.01 5.12 1.78 
516 7.85 6.14 4.14 7.17 5.36 3.84 6.95 5.41 3.9 7.47 5.81 3.74 7.16 5.49 3.27 7.29 5.55 3.41 
517 8.17 5.62 2.87 7.7 6.25 3.97 8.17 5.05 2.78 8.01 6.15 2.9 7.29 5 2.06 6.85 4.23 2.06 
518 5.72 3.66 2.41 6.48 4.77 4.01 6.44 6.35 4.95 6.37 5.41 5.57 3.93 6.47 5.64 6.15 6.18 4.84 
519 6.33 5.16 4.75 6.04 5.3 4.78 6.21 5.54 4.75 6.67 6.07 4.91 6.82 5.58 4.65 6.01 5.35 4.85 
520 7.53 6.41 4.54 6.73 5.34 4.71 7.33 5.17 4.25 7.89 7.21 4.79 8.65 6.01 5.37 6.97 5.98 4.54 
521 5.19 5.34 4.74 5.46 5.21 4.45 5.96 5.68 3.54 5.6 5.29 3.83 5.12 5.09 3.84 4.56 4.8 4.09 
522 7.32 5.48 2.4 6.6 4.8 1.64 6.92 4.76 2.92 7.68 5.24 2.12 7 5.32 2.4 5.96 4.12 1.8 
519 8 6 3 9 6 2 8 6 5 8 7 4 8 5 3 3 7 5 
522 6.87 4.9 1.87 6.5 4.5 1.5 6.19 4.42 3.04 6.96 5.33 2.52 6.1 4.5 1.94 4.96 3.56 1.6 
523 5.12 4.52 3.89 5.42 4.45 4.2 5.73 4.47 3.91 5.58 4.83 4.35 5.22 4.59 4.46 5.69 4.79 4.29 
524 5.34 4.54 3.2 4.49 4.65 3.88 5.16 4.67 4.35 5.35 3.43 2.75 4.29 3.56 2.93 4.18 3.86 2.84 
525 7.87 7.45 4.61 5.17 4.95 6.85 7.29 6.61 4.61 7.7 5.09 3.62 6.42 4.98 3.8 7.28 6.22 4.48 
526 7.58 5.68 2.7 4.71 6.44 7.81 7.82 5.77 3.61 7.74 6.25 3.61 5.49 7.16 3.73 5.13 3.38 6.88 
527 7.12 4.85 1.9 7.7 5.29 2.34 7.94 5.4 1.69 8.12 5.73 1.52 8.15 6.04 1.58 8.01 4.9 1.69 
528 7.53 5.74 3.13 7.71 6.37 4.81 7.56 5.69 3.73 7.92 5.91 3.72 7.13 5.42 3.92 6.9 5.19 3.42 
529 1.92 3.82 5.65 2.52 4.24 5.66 2.19 4.57 6.05 1.91 4 5.55 2.02 4.1 6.02 2.28 4.03 5.86 
530 7.54 4.36 1.71 6.52 3.89 1.55 7.09 4 1.73 7.38 4.12 1.66 6.73 2.93 1.8 5.34 3.29 1.43 
531 4.61 3.32 3.42 3.22 2.71 3.32 4.24 3.62 2.7 4.07 3.56 2.18 2.86 3.67 3.32 3.15 2.78 2.73 
532 1.94 3.4 6.73 2.64 4.6 6.28 2.58 4.28 7.31 2.59 3.9 6.88 2.17 4.64 5.83 2.89 3.35 6 
533 8.52 5.2 2.65 8.49 5.12 2.69 8.5 5.12 2.41 8.58 5.18 3.07 8.55 5.02 2.25 8.46 5.18 2.25 
539 5.49 3.18 4.07 3.84 2.67 3.09 4.41 3.87 2.61 4.51 3.37 3.7 4.41 4.12 2.64 4.41 4.82 4.04 
540 4.29 3.6 2.82 4.5 3.39 2.67 4.61 3.47 3.16 4.84 3.07 2.91 3.98 3.74 2.9 4.02 3.9 4.09 
541 3 2 1 3 2 1 3 2 1 3 2 1 3 2 1 3 2 1 
542 8.16 4.94 3.81 7.53 4.5 3.91 7.44 5.06 3.41 7.66 4.78 3.34 8.09 5.5 4.19 8.12 5.09 3.19 
539 1 5 3 7 5 6 7 4 2 6 5 4 9 5 2 8 2 5 
542 8.09 4.74 3.62 7.57 4.61 4.04 7.37 5.24 3.18 7.39 4.81 3.57 8.2 5.34 3.91 8.01 4.71 3.45 
543 2.58 3.6 3.53 4.14 4.44 4.19 5.43 3.5 2.9 5.61 5.88 6.5 4.8 3.89 3.41 5.21 5.48 5.55 
544 5.91 5.05 4.02 5.6 4.86 3.77 5.24 4.51 3.44 5.15 4.38 2.76 5.2 4.61 3.49 5 4.56 3.74 
545 7.37 5.95 4.75 7.11 5.47 4.51 7.14 5.71 4.63 7.07 5.62 4.54 6.91 5.53 4.6 6.87 5.64 4.34 
546 6.36 5.93 5.17 6.12 5.45 4.59 6.24 5.23 4.83 5.58 4.99 3.64 5.7 5.25 4.46 5.86 5.07 4.46 
547 5.97 5.24 5.17 5.62 6.2 5.21 5.38 5.27 4.65 6.48 5.04 4.31 5.21 5.32 5.51 6.48 5.58 4.45 
548 5.51 5.5 3.5 6.78 5.57 2.21 6.38 4.69 3.39 5.75 4.6 0.54 5.33 4.79 5.15 5.01 4.67 3.62 
549 5.7 4.05 1.66 4.04 4.16 3.61 6.23 4.55 2.7 7.29 5.68 1.38 7.38 7.16 6.2 6.52 6.48 3.48 
550 5.74 5.16 3.96 5.41 5.44 4.76 4.6 3.16 3.14 5.62 5.11 1.6 6.46 6.4 6.07 6.29 6.68 4.41 
551 5.66 4.61 3.36 6.57 5.01 2.9 8.12 4.79 3.49 5.97 5.55 1.64 7.3 5.81 5.36 4.22 6.61 2.13 
552 7.79 6.22 4.26 7.35 5.75 4.58 7.23 5.86 4.56 6.53 5.18 4.26 7.31 5.44 4.41 5.85 5 4.4 
553 7.88 5.54 2.77 7.68 4.55 3.22 7.58 5.14 2.26 6.73 4.46 2.26 7.65 4.85 3.09 4.97 3.68 2.47 
554 6.34 5.11 3.57 6.03 5.08 3.89 6.26 4.85 1.66 5.86 4.22 2.7 6.64 4.34 3.41 5.42 4.24 3.62 
555 6.89 6.64 6.12 6.59 6.21 6.06 6.88 6.44 6.56 7.47 6.79 6.08 6.88 6.47 6.48 7.53 6.92 6.76 
601 6.88 4.82 3.12 6.57 4.32 3.1 6.72 4.8 3.2 5.9 4.2 2.62 6.03 3.67 2.55 4.75 3.65 3 
602 5.07 4.18 3.42 5.43 4.05 3.55 5.57 4.25 3.75 5.8 4.97 4.1 5.15 4.05 3.53 4.53 4 3.55 
603 4.85 5.25 2.3 4.93 3.47 2.65 4.4 3.97 2.9 5.32 5.07 4.4 5 3.65 3.4 5.2 4.82 3.9 
604 4.26 5.03 3.74 4.36 5.33 5.38 5.74 5.18 4.18 6.36 4.56 6 5.31 4.77 3.69 5.05 5.18 4.38 
605 5.27 5.36 5.06 5.09 4.52 3.93 5.51 5.03 4.49 5.33 5.06 4.32 4.88 4.35 3.79 4.91 4.61 3.94 
606 3.95 3.8 3.03 3.85 2.85 3.28 4.36 3.19 3.22 5.1 4.25 3.07 4.29 3.75 2.67 3.55 3.6 1.98 
607 5.98 5.22 3.85 6.37 5.15 3.78 6.49 5.09 4.06 6.25 5.21 4.53 6.54 5.34 4.65 5.36 4.83 4.29 
608 5.79 6.45 7.13 5.91 6.54 7.19 6.03 6.61 7.23 6.36 6.75 7.46 6.12 6.85 7.4 6.4 6.86 7.46 
609 7.15 6.35 5.65 6.35 6 5.38 6.44 5.82 5.18 6.57 6.06 5.3 6.51 5.55 5.21 6.26 5.7 5.06 
610 5.03 3.95 2.93 5.03 3.76 2.72 5.65 3.74 3.05 5.52 4.05 3.25 5.16 3.59 2.67 4.31 2.98 2.68 
611 6.9 6.18 5.36 6.84 5.84 4.8 6.68 5.66 3.86 6.7 5.7 3.98 6.6 6.04 4.68 6.64 5.9 5 
612 7.62 4.42 1.82 7.96 3.58 1.78 7 4.14 1.9 6.68 3.7 1.82 7.6 3.88 1.9 2.78 1.88 1.4 
613 6.76 5.76 4.51 6.53 5.29 4.71 6.2 5.37 4.49 6.35 5.65 4.31 6.43 5.39 4.35 5.47 5.04 3.9 
614 6.24 3.98 2.4 6.56 3.36 3.04 6.06 4.08 2.48 7.2 4.38 3.08 6.64 3.56 2.66 4.24 2.78 1.6 
615 3.87 4.53 4.23 3 2.43 2.03 6.4 5.53 4.37 4.83 4.3 3 5.4 3.3 2.53 5.87 5.93 5.77 
616 6.43 4.45 3.86 6.58 4.75 3.98 6.38 4.94 4.12 5.87 4.89 3.62 6.3 4.32 3.65 4.44 4.42 3.63 
617 6.72 3.74 3.74 5.74 6.7 4.74 3.74 4.74 6.7 3.74 4.74 6.72 2.74 3.74 3.74 1.74 4.74 3.74 
618 7.27 6.83 5.43 7.9 7.57 6.4 6.3 5.83 4.63 6.1 5.33 4 7.5 7.5 6.5 5.63 4.97 3.7 
619 4.37 3.43 3.5 3.57 3.73 3.27 4.13 3.13 3.37 3.4 4.03 2.87 3.1 3.17 2.83 2.4 2.57 2.6 
620 2.6 2.17 1.23 1.97 1.93 2.1 2.7 1.8 1.5 2.4 1.9 1.7 2.37 1.8 1.83 2.27 2 1.7 
621 5.33 5 4.72 4.64 4.1 3.93 4.96 4.93 4.59 5.48 4.81 4.23 4.43 4.42 4.38 5.07 5.04 4.61 
622 6.89 4.86 2.29 6.82 4.55 2.28 6.55 4.49 2.21 6.56 4.22 1.97 6.21 3.92 1.93 4.83 2.75 1.49 
623 7.31 5.03 2.23 7.69 4.14 2.26 7.38 4.86 2.29 6.58 4.03 2.05 7.37 4.23 2.17 5.19 3.45 1.93 
624 7.28 5.01 2.35 7.16 3.99 2.72 6.95 4.77 2.69 5.83 3.76 2.51 7.03 4.21 2.42 3.6 2.63 1.65 
625 6.02 4.62 3.37 5.67 3.98 3.25 6.27 4.92 3.85 5.9 4.02 3.48 5.97 4.28 3.38 4.67 3.28 2.85 
626 7.44 5.72 4.34 7.1 5.44 4.18 6.52 4.9 3.18 6.62 4.88 3.68 6.42 4.44 2.98 6.5 4.62 3.06 
627 6.76 5.43 3.61 6.3 4.64 4.13 5.92 5.03 3.79 6.18 4.84 3.54 6.34 5.28 3.66 5.04 4.37 3.52 
628 5.39 5 4.03 5.61 4.59 3.71 4.86 4.66 3.78 5.25 4.41 3.85 4.41 3.75 3 5.29 4.27 3.59 
629 6.35 5.38 5.45 5.07 5 5.4 3.67 5.78 6.12 3.9 5.95 5.38 4.43 2.88 5.6 4.75 6.18 6.68 
630 5.79 5.12 3.13 6.52 4.21 4.41 5.97 5.4 3.84 5.81 4.56 3.56 6.14 4.56 3.36 4.07 3.53 3.11 
631 4 4 4.07 4.07 3.86 4.21 4.29 3.79 4.93 3.79 4.29 3.71 3.43 4.79 4.14 4.21 4.07 3.64 
630 8.1 5.2 3 8 5.3 2.3 7.4 5.3 1.9 7.7 5 3.1 7.7 4.4 2.3 5.8 4.4 2.2 
631 4.06 3.98 3.83 3.94 4.06 4.06 4.21 4.08 4.5 4.08 4.27 4 3.94 4.38 4.17 4.37 4.29 4.31 
632 5.43 5.11 5.21 5.37 4.86 5.89 6.33 6.38 6.29 6.43 7.03 5.81 4.17 4.22 4.59 4.68 4.03 5.1 
633 8.06 6.46 4.59 6.97 5.21 3.41 6.6 4.9 3.12 6.56 4.86 2.97 6.51 4.78 3 6.34 4.68 2.84 
634 6.6 5.28 3.95 6.24 5.09 3.91 6.55 5.23 3.97 6.54 5.46 4.24 6.05 4.96 3.37 5.99 4.82 3.58 
635 6.25 4.85 3.62 5.78 4.56 3.41 5.47 4.26 3.03 6.02 4.69 3.44 5.38 4.03 2.91 5.28 4.14 2.93 
636 5.92 5.13 4.35 6.18 5.08 4.75 6.08 5.37 4.38 6.02 5.29 4.65 5.88 5.2 4.45 5.46 4.93 4.35 
637 3.33 2.91 2.91 2.98 2.21 2.6 2.7 1.36 1.78 1.67 1.65 1.72 1.44 1.19 1.13 1.35 1.4 1.61 
638 5.46 5 3.33 6.3 4.36 4.28 5.76 5.15 3.8 5.52 4.62 3.57 5.9 4.58 3.41 4.16 3.47 3.24 
639 3.96 4.08 3.83 3.97 4.07 4.06 4.21 3.87 4.55 4.01 4.28 4.03 3.76 4.38 4.06 4.27 4.37 4.32 
640 5.28 5 5.02 5.39 4.75 5.83 6.27 6.19 6.19 6.48 6.85 5.81 4.28 4.12 4.59 4.55 4.03 4.85 
641 7.39 5.63 3.81 7.5 5.2 3.66 7.09 5.09 3.15 7.03 5.07 3.4 7.01 5.07 3.38 5.64 4.05 2.62 
642 4.5 4.37 4.93 4.27 4.12 4.94 5.75 4.14 4.38 5.81 5.2 4.75 4.77 4.32 4.72 5.31 4.38 5.41 
643 6.28 5.4 1.85 5.37 3.51 2.57 5.97 4.78 2.54 5.1 3.4 2.36 4.65 3.75 2.1 3.25 2.36 1.98 
644 4.76 3.16 1.8 4.76 3.1 1.88 4.94 3.4 2 4.56 3.24 1.94 4.56 3 1.58 4.54 2.98 1.76 
645 6.56 5.14 4.07 6.43 4.87 3.88 6.21 4.75 3.75 6.33 4.83 3.74 6.16 4.76 3.71 6.37 4.84 3.64 
646 6.76 5.72 4.96 6.5 5.66 5.08 5.92 5.24 4.86 5.82 5.46 5.22 6.32 5.26 4.58 5.66 5.14 5 
647 7.64 5.2 2.8 7.7 5.21 2.72 7.46 5.31 2.86 7.69 5.3 2.87 7.65 5.2 2.95 7.63 5.1 2.88 
648 6.88 4.99 3.18 7.11 4.65 3.3 7.28 5.21 3.1 6.55 4.69 2.99 7.07 4.87 3.09 5.55 3.97 2.52 
